0	-144.0,52.0,105.0	1	2
0	-96.0,52.0,105.0	1	2
0	-120.0,52.0,90.0	0	2
0	-168.0,52.0,90.0	1	2
0	-72.0,52.0,90.0	1	2
0	-96.0,52.0,75.0	0	2
0	-144.0,52.0,75.0	0	2
0	-192.0,52.0,75.0	1	2
0	-48.0,52.0,75.0	1	2
0	48.0,52.0,75.0	1	2
0	96.0,52.0,75.0	2	2
0	72.0,52.0,60.0	0	2
0	-168.0,52.0,60.0	0	2
0	-216.0,52.0,60.0	1	2
0	-24.0,52.0,60.0	1	2
0	24.0,52.0,60.0	1	2
0	120.0,52.0,60.0	2	2
6	-120.0,0.0,60.0	0	2
0	-72.0,0.0,60.0	0	2
7	-120.0,0.0,60.0	0	2
0	96.0,52.0,45.0	0	2
0	48.0,52.0,45.0	0	2
0	-48.0,52.0,45.0	0	2
0	-192.0,52.0,45.0	0	2
0	-144.0,52.0,45.0	0	2
0	-240.0,52.0,45.0	1	2
0	0.0,52.0,45.0	1	2
0	144.0,52.0,45.0	2	2
6	-96.0,0.0,45.0	0	2
0	120.0,52.0,30.0	0	2
0	72.0,52.0,30.0	0	2
0	24.0,52.0,30.0	0	2
0	-24.0,52.0,30.0	0	2
0	-168.0,52.0,30.0	0	2
0	-216.0,52.0,30.0	0	2
0	-120.0,52.0,30.0	0	2
0	-264.0,52.0,30.0	1	2
6	-72.0,0.0,30.0	0	2
0	96.0,52.0,15.0	0	2
0	48.0,52.0,15.0	0	2
0	0.0,52.0,15.0	0	2
0	-48.0,52.0,15.0	0	2
0	-240.0,52.0,15.0	0	2
0	-96.0,52.0,15.0	0	2
0	-144.0,52.0,15.0	0	2
0	-192.0,52.0,15.0	0	2
0	144.0,52.0,15.0	1	2
0	-288.0,52.0,15.0	1	2
0	72.0,52.0,0.0	0	2
0	24.0,52.0,0.0	0	2
0	-216.0,52.0,0.0	0	2
0	-264.0,52.0,0.0	0	2
0	-24.0,52.0,0.0	0	2
0	-72.0,52.0,0.0	0	2
0	-120.0,52.0,0.0	0	2
0	-168.0,52.0,0.0	0	2
0	120.0,52.0,0.0	1	2
0	48.0,52.0,-15.0	0	2
0	0.0,52.0,-15.0	0	2
0	-240.0,52.0,-15.0	0	2
0	-96.0,52.0,-15.0	0	2
0	-48.0,52.0,-15.0	0	2
0	-144.0,52.0,-15.0	0	2
0	-192.0,52.0,-15.0	0	2
0	96.0,52.0,-15.0	1	2
0	-288.0,52.0,-15.0	1	2
0	72.0,52.0,-30.0	0	2
0	24.0,52.0,-30.0	0	2
0	-24.0,52.0,-30.0	0	2
0	-216.0,52.0,-30.0	0	2
0	-72.0,52.0,-30.0	0	2
0	-120.0,52.0,-30.0	0	2
0	-168.0,52.0,-30.0	0	2
0	120.0,52.0,-30.0	1	2
0	-264.0,52.0,-30.0	1	2
0	0.0,52.0,-45.0	0	2
0	48.0,52.0,-45.0	0	2
0	-48.0,52.0,-45.0	0	2
0	96.0,52.0,-45.0	0	2
0	-240.0,52.0,-45.0	0	2
0	-192.0,52.0,-45.0	0	2
0	-96.0,52.0,-45.0	0	2
0	-144.0,52.0,-45.0	0	2
0	-288.0,52.0,-45.0	1	2
0	24.0,52.0,-60.0	0	2
0	72.0,52.0,-60.0	0	2
0	-24.0,52.0,-60.0	0	2
0	-72.0,52.0,-60.0	0	2
0	-168.0,52.0,-60.0	0	2
0	-216.0,52.0,-60.0	0	2
0	-264.0,52.0,-60.0	0	2
0	-120.0,52.0,-60.0	0	2
0	120.0,52.0,-60.0	1	2
0	-312.0,42.0,-60.0	1	2
0	0.0,52.0,-75.0	0	2
0	48.0,52.0,-75.0	0	2
0	-96.0,52.0,-75.0	0	2
0	-48.0,52.0,-75.0	0	2
0	-192.0,52.0,-75.0	0	2
0	-144.0,52.0,-75.0	0	2
0	-240.0,52.0,-75.0	0	2
0	96.0,52.0,-75.0	1	2
0	-288.0,42.0,-75.0	0	2
0	-336.0,32.0,-75.0	1	2
0	-24.0,52.0,-90.0	0	2
0	24.0,52.0,-90.0	0	2
0	-72.0,52.0,-90.0	0	2
0	-120.0,52.0,-90.0	0	2
0	72.0,52.0,-90.0	0	2
0	-216.0,52.0,-90.0	0	2
0	120.0,52.0,-90.0	1	2
0	-168.0,52.0,-90.0	1	2
0	-264.0,42.0,-90.0	0	2
0	-312.0,32.0,-90.0	0	2
0	-360.0,17.0,-90.0	1	2
0	-48.0,52.0,-105.0	0	2
0	0.0,52.0,-105.0	0	2
0	-96.0,52.0,-105.0	0	2
0	48.0,52.0,-105.0	0	2
0	96.0,52.0,-105.0	0	2
0	-144.0,52.0,-105.0	1	2
0	-192.0,52.0,-105.0	1	2
0	-240.0,42.0,-105.0	0	2
0	-288.0,32.0,-105.0	0	2
0	-336.0,17.0,-105.0	0	2
0	-384.0,0.0,-105.0	1	2
0	-24.0,52.0,-120.0	0	2
0	-72.0,52.0,-120.0	0	2
0	72.0,52.0,-120.0	0	2
0	24.0,52.0,-120.0	0	2
0	-120.0,52.0,-120.0	1	2
0	120.0,52.0,-120.0	2	2
0	-264.0,32.0,-120.0	0	2
0	-312.0,17.0,-120.0	0	2
0	-360.0,0.0,-120.0	0	2
0	-216.0,42.0,-120.0	1	2
0	-48.0,52.0,-135.0	0	2
0	48.0,52.0,-135.0	0	2
0	0.0,52.0,-135.0	1	2
0	-96.0,52.0,-135.0	1	2
0	96.0,52.0,-135.0	2	2
0	-288.0,17.0,-135.0	0	2
0	-336.0,0.0,-135.0	0	2
0	-240.0,32.0,-135.0	1	2
0	-384.0,0.0,-135.0	2	2
0	24.0,52.0,-150.0	1	2
0	-24.0,52.0,-150.0	1	2
0	-72.0,52.0,-150.0	1	2
0	72.0,52.0,-150.0	2	2
0	-312.0,0.0,-150.0	0	2
0	-264.0,17.0,-150.0	1	2
0	-360.0,0.0,-150.0	2	2
0	-288.0,0.0,-165.0	1	2
0	-336.0,0.0,-165.0	2	2
