0	48.0,0.0,135.0	1
0	0.0,0.0,135.0	1
0	24.0,0.0,120.0	0
0	72.0,0.0,120.0	1
0	-24.0,0.0,120.0	1
0	0.0,0.0,105.0	0
0	48.0,0.0,105.0	0
0	96.0,0.0,105.0	1
0	-48.0,0.0,105.0	1
0	-168.0,0.0,90.0	1
0	-216.0,0.0,90.0	2
0	-24.0,0.0,90.0	0
0	24.0,0.0,90.0	0
0	72.0,0.0,90.0	0
0	120.0,0.0,90.0	1
0	-72.0,0.0,90.0	1
0	-144.0,0.0,75.0	1
0	-192.0,0.0,75.0	0
0	-240.0,0.0,75.0	2
0	-48.0,0.0,75.0	0
0	48.0,0.0,75.0	0
0	96.0,0.0,75.0	0
0	0.0,0.0,75.0	0
0	144.0,0.0,75.0	1
0	-96.0,0.0,75.0	1
0	-120.0,0.0,60.0	1
0	-168.0,0.0,60.0	0
0	-216.0,0.0,60.0	0
0	-264.0,0.0,60.0	2
0	-72.0,0.0,60.0	0
0	120.0,0.0,60.0	0
0	72.0,0.0,60.0	0
0	24.0,0.0,60.0	0
0	-24.0,0.0,60.0	0
0	168.0,0.0,60.0	1
0	-192.0,0.0,45.0	0
0	-144.0,0.0,45.0	0
0	-240.0,0.0,45.0	0
0	-96.0,0.0,45.0	0
0	96.0,0.0,45.0	0
0	144.0,0.0,45.0	0
0	48.0,0.0,45.0	0
0	-48.0,0.0,45.0	0
0	0.0,0.0,45.0	0
0	192.0,0.0,45.0	1
0	-264.0,0.0,30.0	1
0	-120.0,0.0,30.0	0
0	-168.0,0.0,30.0	0
0	-216.0,0.0,30.0	0
0	168.0,0.0,30.0	0
0	72.0,0.0,30.0	0
0	24.0,0.0,30.0	0
0	-72.0,0.0,30.0	0
0	-24.0,0.0,30.0	0
0	120.0,0.0,30.0	0
0	216.0,0.0,30.0	1
0	-240.0,0.0,15.0	1
0	-192.0,0.0,15.0	0
0	-144.0,0.0,15.0	0
0	144.0,0.0,15.0	0
0	192.0,0.0,15.0	0
0	48.0,0.0,15.0	0
0	-96.0,0.0,15.0	0
0	-48.0,0.0,15.0	0
0	0.0,0.0,15.0	0
0	96.0,0.0,15.0	0
0	240.0,0.0,15.0	1
0	-216.0,0.0,0.0	1
0	-120.0,0.0,0.0	0
0	-168.0,0.0,0.0	0
0	216.0,0.0,0.0	0
0	120.0,0.0,0.0	0
0	-72.0,0.0,0.0	0
0	-24.0,0.0,0.0	0
0	24.0,0.0,0.0	0
0	72.0,0.0,0.0	0
0	168.0,0.0,0.0	0
0	264.0,0.0,0.0	1
0	-192.0,0.0,-15.0	0
0	-240.0,0.0,-15.0	1
0	192.0,0.0,-15.0	0
0	240.0,0.0,-15.0	0
0	96.0,0.0,-15.0	0
0	0.0,0.0,-15.0	0
0	144.0,0.0,-15.0	0
0	-144.0,0.0,-15.0	0
0	-96.0,0.0,-15.0	0
0	-48.0,0.0,-15.0	0
0	48.0,0.0,-15.0	0
0	288.0,0.0,-15.0	1
0	-168.0,0.0,-30.0	0
0	-216.0,0.0,-30.0	0
0	-264.0,0.0,-30.0	1
0	264.0,0.0,-30.0	0
0	72.0,0.0,-30.0	0
0	-24.0,0.0,-30.0	0
0	216.0,0.0,-30.0	0
0	168.0,0.0,-30.0	0
0	-120.0,0.0,-30.0	0
0	-72.0,0.0,-30.0	0
0	24.0,0.0,-30.0	0
0	120.0,0.0,-30.0	0
0	312.0,0.0,-30.0	1
0	-240.0,0.0,-45.0	0
0	-288.0,0.0,-45.0	1
0	240.0,0.0,-45.0	0
0	288.0,0.0,-45.0	0
0	96.0,0.0,-45.0	0
0	-48.0,0.0,-45.0	0
0	0.0,0.0,-45.0	0
0	192.0,0.0,-45.0	0
0	-192.0,0.0,-45.0	0
0	-144.0,0.0,-45.0	0
0	-96.0,0.0,-45.0	0
0	48.0,0.0,-45.0	0
0	144.0,0.0,-45.0	0
0	336.0,0.0,-45.0	1
0	-216.0,0.0,-60.0	0
0	-264.0,0.0,-60.0	0
0	-312.0,0.0,-60.0	1
0	312.0,0.0,-60.0	0
0	168.0,0.0,-60.0	0
0	-24.0,0.0,-60.0	0
0	72.0,0.0,-60.0	0
0	120.0,0.0,-60.0	0
0	216.0,0.0,-60.0	0
0	24.0,0.0,-60.0	0
0	264.0,0.0,-60.0	0
0	-168.0,0.0,-60.0	0
0	-72.0,0.0,-60.0	0
0	-120.0,0.0,-60.0	0
0	360.0,0.0,-60.0	1
0	-288.0,0.0,-75.0	0
0	-336.0,0.0,-75.0	1
0	288.0,0.0,-75.0	0
0	336.0,0.0,-75.0	0
0	144.0,0.0,-75.0	0
0	48.0,0.0,-75.0	0
0	0.0,0.0,-75.0	0
0	96.0,0.0,-75.0	0
0	-144.0,0.0,-75.0	0
0	-96.0,0.0,-75.0	0
0	-48.0,0.0,-75.0	0
0	-192.0,0.0,-75.0	0
0	-240.0,0.0,-75.0	0
0	240.0,0.0,-75.0	0
0	192.0,0.0,-75.0	0
0	384.0,0.0,-75.0	1
0	-264.0,0.0,-90.0	0
0	-312.0,0.0,-90.0	0
0	360.0,0.0,-90.0	0
0	216.0,0.0,-90.0	0
0	24.0,0.0,-90.0	0
0	168.0,0.0,-90.0	0
0	120.0,0.0,-90.0	0
0	72.0,0.0,-90.0	0
0	-120.0,0.0,-90.0	0
0	-72.0,0.0,-90.0	0
0	-24.0,0.0,-90.0	0
0	-216.0,0.0,-90.0	0
0	-168.0,0.0,-90.0	0
0	312.0,0.0,-90.0	0
0	264.0,0.0,-90.0	0
0	408.0,0.0,-90.0	1
0	-288.0,0.0,-105.0	0
0	-336.0,0.0,-105.0	1
0	336.0,0.0,-105.0	0
0	384.0,0.0,-105.0	0
0	288.0,0.0,-105.0	0
0	240.0,0.0,-105.0	0
0	192.0,0.0,-105.0	0
0	144.0,0.0,-105.0	0
0	96.0,0.0,-105.0	0
0	48.0,0.0,-105.0	0
0	0.0,0.0,-105.0	0
0	-48.0,0.0,-105.0	0
0	-96.0,0.0,-105.0	0
0	-240.0,0.0,-105.0	0
0	-192.0,0.0,-105.0	0
0	-144.0,0.0,-105.0	0
0	432.0,0.0,-105.0	1
0	-264.0,0.0,-120.0	0
0	-216.0,0.0,-120.0	0
0	-312.0,0.0,-120.0	1
0	408.0,0.0,-120.0	0
0	312.0,0.0,-120.0	0
0	72.0,0.0,-120.0	0
0	216.0,0.0,-120.0	0
0	168.0,0.0,-120.0	0
0	264.0,0.0,-120.0	0
0	120.0,0.0,-120.0	0
0	24.0,0.0,-120.0	0
0	-168.0,0.0,-120.0	0
0	-120.0,0.0,-120.0	0
0	-72.0,0.0,-120.0	0
0	-24.0,0.0,-120.0	0
0	360.0,0.0,-120.0	0
0	456.0,0.0,-120.0	1
0	-240.0,0.0,-135.0	0
0	-288.0,0.0,-135.0	1
0	384.0,0.0,-135.0	0
0	432.0,0.0,-135.0	0
0	336.0,0.0,-135.0	0
0	240.0,0.0,-135.0	0
0	48.0,0.0,-135.0	0
0	0.0,0.0,-135.0	0
0	96.0,0.0,-135.0	0
0	144.0,0.0,-135.0	0
0	-144.0,0.0,-135.0	0
0	-192.0,0.0,-135.0	0
0	-96.0,0.0,-135.0	0
0	-48.0,0.0,-135.0	0
0	192.0,0.0,-135.0	0
0	288.0,0.0,-135.0	0
0	480.0,0.0,-135.0	1
0	-216.0,0.0,-150.0	0
0	-168.0,0.0,-150.0	0
0	-264.0,0.0,-150.0	1
0	456.0,0.0,-150.0	0
0	408.0,0.0,-150.0	0
0	360.0,0.0,-150.0	0
0	120.0,0.0,-150.0	0
0	216.0,0.0,-150.0	0
0	168.0,0.0,-150.0	0
0	72.0,0.0,-150.0	0
0	-120.0,0.0,-150.0	0
0	-72.0,0.0,-150.0	0
0	-24.0,0.0,-150.0	0
0	24.0,0.0,-150.0	0
0	264.0,0.0,-150.0	0
0	312.0,0.0,-150.0	0
0	504.0,0.0,-150.0	1
0	-192.0,0.0,-165.0	0
0	-240.0,0.0,-165.0	1
0	432.0,0.0,-165.0	0
0	480.0,0.0,-165.0	0
0	384.0,0.0,-165.0	0
0	0.0,0.0,-165.0	0
0	-144.0,0.0,-165.0	0
0	-96.0,0.0,-165.0	0
0	-48.0,0.0,-165.0	0
0	48.0,0.0,-165.0	0
0	144.0,0.0,-165.0	0
0	96.0,0.0,-165.0	0
0	192.0,0.0,-165.0	0
0	336.0,0.0,-165.0	0
0	288.0,0.0,-165.0	0
0	240.0,0.0,-165.0	0
0	528.0,0.0,-165.0	1
0	-168.0,0.0,-180.0	0
0	-120.0,0.0,-180.0	0
0	-216.0,0.0,-180.0	1
0	504.0,0.0,-180.0	0
0	456.0,0.0,-180.0	0
0	408.0,0.0,-180.0	0
0	216.0,0.0,-180.0	0
0	-72.0,0.0,-180.0	0
0	-24.0,0.0,-180.0	0
0	24.0,0.0,-180.0	0
0	72.0,0.0,-180.0	0
0	168.0,0.0,-180.0	0
0	120.0,0.0,-180.0	0
0	264.0,0.0,-180.0	0
0	312.0,0.0,-180.0	0
0	360.0,0.0,-180.0	0
0	-144.0,0.0,-195.0	0
0	-192.0,0.0,-195.0	1
0	432.0,0.0,-195.0	0
0	480.0,0.0,-195.0	0
0	288.0,0.0,-195.0	0
0	-48.0,0.0,-195.0	0
0	-96.0,0.0,-195.0	0
0	96.0,0.0,-195.0	0
0	192.0,0.0,-195.0	0
0	144.0,0.0,-195.0	0
0	0.0,0.0,-195.0	0
0	48.0,0.0,-195.0	0
0	240.0,0.0,-195.0	0
0	336.0,0.0,-195.0	0
0	384.0,0.0,-195.0	0
0	528.0,0.0,-195.0	1
0	-120.0,0.0,-210.0	0
0	-168.0,0.0,-210.0	1
0	456.0,0.0,-210.0	0
0	408.0,0.0,-210.0	0
0	264.0,0.0,-210.0	0
0	360.0,0.0,-210.0	0
0	-24.0,0.0,-210.0	0
0	-72.0,0.0,-210.0	0
0	168.0,0.0,-210.0	0
0	216.0,0.0,-210.0	0
0	120.0,0.0,-210.0	0
0	24.0,0.0,-210.0	0
0	72.0,0.0,-210.0	0
0	312.0,0.0,-210.0	0
0	504.0,0.0,-210.0	1
0	-96.0,0.0,-225.0	0
0	-144.0,0.0,-225.0	1
0	480.0,0.0,-225.0	1
0	240.0,0.0,-225.0	0
0	192.0,0.0,-225.0	0
0	144.0,0.0,-225.0	0
0	384.0,0.0,-225.0	0
0	432.0,0.0,-225.0	0
0	288.0,0.0,-225.0	0
0	336.0,0.0,-225.0	0
0	-48.0,0.0,-225.0	0
0	0.0,0.0,-225.0	0
0	48.0,0.0,-225.0	0
0	96.0,0.0,-225.0	0
0	-72.0,0.0,-240.0	0
0	-120.0,0.0,-240.0	1
0	456.0,0.0,-240.0	1
0	312.0,0.0,-240.0	0
0	264.0,0.0,-240.0	0
0	408.0,0.0,-240.0	0
0	24.0,0.0,-240.0	0
0	-24.0,0.0,-240.0	0
0	120.0,0.0,-240.0	0
0	72.0,0.0,-240.0	0
0	216.0,0.0,-240.0	0
0	168.0,0.0,-240.0	0
0	360.0,0.0,-240.0	0
0	-48.0,0.0,-255.0	0
0	-96.0,0.0,-255.0	1
0	432.0,0.0,-255.0	1
0	288.0,0.0,-255.0	0
0	336.0,0.0,-255.0	0
0	384.0,0.0,-255.0	0
0	48.0,0.0,-255.0	0
0	0.0,0.0,-255.0	0
0	96.0,0.0,-255.0	0
0	144.0,0.0,-255.0	0
0	240.0,0.0,-255.0	0
0	192.0,0.0,-255.0	0
0	-24.0,0.0,-270.0	0
0	552.0,0.0,-270.0	2
0	504.0,0.0,-270.0	1
0	-72.0,0.0,-270.0	1
0	408.0,0.0,-270.0	1
0	360.0,0.0,-270.0	0
0	312.0,0.0,-270.0	0
0	24.0,0.0,-270.0	0
0	72.0,0.0,-270.0	0
0	168.0,0.0,-270.0	0
0	120.0,0.0,-270.0	0
0	264.0,0.0,-270.0	0
0	216.0,0.0,-270.0	0
0	-48.0,0.0,-285.0	1
0	0.0,0.0,-285.0	0
0	480.0,0.0,-285.0	1
0	528.0,0.0,-285.0	0
0	576.0,0.0,-285.0	2
0	432.0,0.0,-285.0	1
0	336.0,0.0,-285.0	0
0	384.0,0.0,-285.0	0
0	48.0,0.0,-285.0	0
0	96.0,0.0,-285.0	0
0	144.0,0.0,-285.0	0
0	240.0,0.0,-285.0	0
0	288.0,0.0,-285.0	0
0	192.0,0.0,-285.0	0
0	24.0,0.0,-300.0	0
0	312.0,0.0,-300.0	0
0	504.0,0.0,-300.0	0
0	552.0,0.0,-300.0	0
0	600.0,0.0,-300.0	2
0	-24.0,0.0,-300.0	1
0	456.0,0.0,-300.0	1
0	408.0,0.0,-300.0	0
0	360.0,0.0,-300.0	0
0	72.0,0.0,-300.0	0
0	120.0,0.0,-300.0	0
0	168.0,0.0,-300.0	0
0	264.0,0.0,-300.0	0
0	216.0,0.0,-300.0	0
0	0.0,0.0,-315.0	1
0	48.0,0.0,-315.0	0
0	240.0,0.0,-315.0	0
0	288.0,0.0,-315.0	0
0	336.0,0.0,-315.0	0
0	480.0,0.0,-315.0	0
0	528.0,0.0,-315.0	0
0	576.0,0.0,-315.0	0
0	432.0,0.0,-315.0	0
0	384.0,0.0,-315.0	0
0	96.0,0.0,-315.0	0
0	144.0,0.0,-315.0	0
0	192.0,0.0,-315.0	0
0	72.0,0.0,-330.0	0
0	264.0,0.0,-330.0	0
0	360.0,0.0,-330.0	0
0	456.0,0.0,-330.0	0
0	552.0,0.0,-330.0	0
0	504.0,0.0,-330.0	0
0	600.0,0.0,-330.0	1
0	312.0,0.0,-330.0	1
0	24.0,0.0,-330.0	1
0	408.0,0.0,-330.0	0
0	120.0,0.0,-330.0	0
0	168.0,0.0,-330.0	0
0	216.0,0.0,-330.0	0
0	48.0,0.0,-345.0	1
0	96.0,0.0,-345.0	0
0	192.0,0.0,-345.0	0
0	240.0,0.0,-345.0	0
0	336.0,0.0,-345.0	1
0	384.0,0.0,-345.0	0
0	480.0,0.0,-345.0	0
0	432.0,0.0,-345.0	0
0	528.0,0.0,-345.0	0
0	576.0,0.0,-345.0	1
0	288.0,0.0,-345.0	1
0	144.0,0.0,-345.0	0
0	120.0,0.0,-360.0	0
0	216.0,0.0,-360.0	0
0	408.0,0.0,-360.0	0
0	504.0,0.0,-360.0	0
0	456.0,0.0,-360.0	0
0	552.0,0.0,-360.0	1
0	360.0,0.0,-360.0	1
0	264.0,0.0,-360.0	1
0	72.0,0.0,-360.0	1
0	168.0,0.0,-360.0	0
0	96.0,0.0,-375.0	1
0	144.0,0.0,-375.0	0
0	192.0,0.0,-375.0	0
0	432.0,0.0,-375.0	0
0	480.0,0.0,-375.0	0
0	528.0,0.0,-375.0	1
0	384.0,0.0,-375.0	1
0	240.0,0.0,-375.0	1
0	168.0,0.0,-390.0	0
0	456.0,0.0,-390.0	0
0	504.0,0.0,-390.0	1
0	408.0,0.0,-390.0	1
0	216.0,0.0,-390.0	1
0	120.0,0.0,-390.0	1
0	480.0,0.0,-405.0	1
0	432.0,0.0,-405.0	1
0	192.0,0.0,-405.0	1
0	144.0,0.0,-405.0	1
0	456.0,0.0,-420.0	1
