0	-288.0,0.0,165.0	2
0	-144.0,0.0,165.0	1
0	-192.0,0.0,165.0	1
0	-240.0,0.0,165.0	1
0	-264.0,0.0,150.0	0
0	-168.0,0.0,150.0	0
0	-312.0,0.0,150.0	2
0	-120.0,0.0,150.0	1
0	-216.0,0.0,150.0	1
0	-288.0,0.0,135.0	0
0	-240.0,0.0,135.0	0
0	-192.0,0.0,135.0	0
0	-144.0,0.0,135.0	0
0	-336.0,0.0,135.0	2
0	-96.0,0.0,135.0	1
0	-264.0,0.0,120.0	0
0	-312.0,0.0,120.0	0
0	-216.0,0.0,120.0	0
0	-120.0,0.0,120.0	0
0	-168.0,0.0,120.0	0
0	-72.0,0.0,120.0	1
0	-288.0,0.0,105.0	0
0	-240.0,0.0,105.0	0
0	-144.0,0.0,105.0	0
0	-96.0,0.0,105.0	0
0	-192.0,0.0,105.0	0
0	-336.0,0.0,105.0	1
0	-48.0,0.0,105.0	1
0	-264.0,0.0,90.0	0
0	-216.0,0.0,90.0	0
0	-72.0,0.0,90.0	0
0	-168.0,0.0,90.0	0
0	-120.0,0.0,90.0	0
0	-312.0,0.0,90.0	1
0	-24.0,0.0,90.0	1
0	-288.0,0.0,75.0	0
0	-240.0,0.0,75.0	0
0	-96.0,0.0,75.0	0
0	-48.0,0.0,75.0	0
0	-144.0,0.0,75.0	0
0	-192.0,0.0,75.0	0
0	-336.0,0.0,75.0	1
0	0.0,0.0,75.0	1
0	-264.0,0.0,60.0	0
0	-312.0,0.0,60.0	0
0	-216.0,0.0,60.0	0
0	-24.0,0.0,60.0	0
0	-120.0,0.0,60.0	0
0	-72.0,0.0,60.0	0
0	-168.0,0.0,60.0	0
0	24.0,0.0,60.0	1
0	-288.0,0.0,45.0	0
0	-240.0,0.0,45.0	0
0	-48.0,0.0,45.0	0
0	0.0,0.0,45.0	0
0	-192.0,0.0,45.0	0
0	-96.0,0.0,45.0	0
0	-144.0,0.0,45.0	0
0	-336.0,0.0,45.0	1
0	48.0,0.0,45.0	1
0	-264.0,0.0,30.0	0
0	-216.0,0.0,30.0	0
0	24.0,0.0,30.0	0
0	-168.0,0.0,30.0	0
0	-24.0,0.0,30.0	0
0	-72.0,0.0,30.0	0
0	-120.0,0.0,30.0	0
0	-312.0,0.0,30.0	1
0	72.0,0.0,30.0	1
0	-240.0,0.0,15.0	0
0	-192.0,0.0,15.0	0
0	0.0,0.0,15.0	0
0	48.0,0.0,15.0	0
0	-144.0,0.0,15.0	0
0	-48.0,0.0,15.0	0
0	-96.0,0.0,15.0	0
0	-288.0,0.0,15.0	1
0	96.0,0.0,15.0	1
0	-216.0,0.0,0.0	0
0	-168.0,0.0,0.0	0
0	72.0,0.0,0.0	0
0	-120.0,0.0,0.0	0
0	-24.0,0.0,0.0	0
0	24.0,0.0,0.0	0
0	-72.0,0.0,0.0	0
0	-264.0,0.0,0.0	1
0	120.0,0.0,0.0	1
0	-144.0,0.0,-15.0	0
0	-192.0,0.0,-15.0	0
0	48.0,0.0,-15.0	0
0	96.0,0.0,-15.0	0
0	-96.0,0.0,-15.0	0
0	0.0,0.0,-15.0	0
0	-48.0,0.0,-15.0	0
0	-240.0,0.0,-15.0	1
0	144.0,0.0,-15.0	1
0	-168.0,0.0,-30.0	0
0	-120.0,0.0,-30.0	0
0	120.0,0.0,-30.0	0
0	-72.0,0.0,-30.0	0
0	72.0,0.0,-30.0	0
0	24.0,0.0,-30.0	0
0	-24.0,0.0,-30.0	0
0	-216.0,0.0,-30.0	1
0	-96.0,0.0,-45.0	0
0	96.0,0.0,-45.0	0
0	48.0,0.0,-45.0	0
0	0.0,0.0,-45.0	0
0	-48.0,0.0,-45.0	0
0	-144.0,0.0,-45.0	0
0	-192.0,0.0,-45.0	1
0	144.0,0.0,-45.0	1
0	-120.0,0.0,-60.0	0
0	-72.0,0.0,-60.0	0
0	72.0,0.0,-60.0	0
0	24.0,0.0,-60.0	0
0	-24.0,0.0,-60.0	0
0	-168.0,0.0,-60.0	1
0	120.0,0.0,-60.0	1
0	-48.0,0.0,-75.0	0
0	96.0,0.0,-75.0	0
0	0.0,0.0,-75.0	0
0	48.0,0.0,-75.0	0
0	-96.0,0.0,-75.0	0
0	-144.0,0.0,-75.0	1
0	144.0,0.0,-75.0	1
0	-72.0,0.0,-90.0	0
0	-24.0,0.0,-90.0	0
0	120.0,0.0,-90.0	0
0	24.0,0.0,-90.0	0
0	72.0,0.0,-90.0	0
0	-120.0,0.0,-90.0	1
0	-48.0,0.0,-105.0	0
0	0.0,0.0,-105.0	0
0	96.0,0.0,-105.0	0
0	48.0,0.0,-105.0	0
0	144.0,0.0,-105.0	2
0	-96.0,0.0,-105.0	1
0	-24.0,0.0,-120.0	0
0	72.0,0.0,-120.0	0
0	120.0,0.0,-120.0	2
0	-72.0,0.0,-120.0	1
0	24.0,0.0,-120.0	1
0	96.0,0.0,-135.0	2
0	-48.0,0.0,-135.0	1
0	0.0,0.0,-135.0	1
0	48.0,0.0,-135.0	1
